xof 0303txt 0032


template VertexDuplicationIndices { 
 <b8d65549-d7c9-4995-89cf-53a9a8b031e3>
 DWORD nIndices;
 DWORD nOriginalVertices;
 array DWORD indices[nIndices];
}
template XSkinMeshHeader {
 <3cf169ce-ff7c-44ab-93c0-f78f62d172e2>
 WORD nMaxSkinWeightsPerVertex;
 WORD nMaxSkinWeightsPerFace;
 WORD nBones;
}
template SkinWeights {
 <6f0d123b-bad2-4167-a0d0-80224f25fabb>
 STRING transformNodeName;
 DWORD nWeights;
 array DWORD vertexIndices[nWeights];
 array float weights[nWeights];
 Matrix4x4 matrixOffset;
}

Frame RootFrame {

  FrameTransformMatrix {
    1.000000,0.000000,0.000000,0.000000,
    0.000000,1.000000,0.000000,0.000000,
    0.000000,0.000000,-1.000000,0.000000,
    0.000000,0.000000,0.000000,1.000000;;
  }
    Frame Bone {

      FrameTransformMatrix {
        1.000000,0.000000,0.000000,0.000000,
        0.000000,-0.012700,0.999900,0.000000,
        0.000000,-0.999900,-0.012700,0.000000,
        0.000000,0.000000,-0.598900,1.000000;;
      }
      Frame Bone_010 {

        FrameTransformMatrix {
          1.000000,0.000000,0.000000,0.000000,
          -0.000000,1.000000,0.006700,0.000000,
          -0.000000,-0.006700,1.000000,0.000000,
          0.000000,0.752300,-0.000000,1.000000;;
        }
        Frame Bone_001 {

          FrameTransformMatrix {
            -1.000000,-0.000000,-0.000000,0.000000,
            0.000000,0.997900,-0.064300,0.000000,
            0.000000,-0.064300,-0.997900,0.000000,
            0.000000,0.492100,0.000000,1.000000;;
          }
          Frame Bone_002 {

            FrameTransformMatrix {
              1.000000,0.000000,-0.000000,0.000000,
              0.000000,0.995300,0.097300,0.000000,
              0.000000,-0.097300,0.995300,0.000000,
              0.000000,0.564100,-0.000000,1.000000;;
            }
            Frame Bone_003 {

              FrameTransformMatrix {
                1.000000,0.000000,0.000000,0.000000,
                0.000000,0.900200,-0.435400,0.000000,
                -0.000000,0.435400,0.900200,0.000000,
                0.000000,1.178000,-0.000000,1.000000;;
              }
              Frame Bone_004 {

                FrameTransformMatrix {
                  1.000000,-0.000000,-0.000000,0.000000,
                  0.000000,0.963100,0.269200,0.000000,
                  -0.000000,-0.269200,0.963100,0.000000,
                  -0.000000,0.467900,0.000000,1.000000;;
                }
              }
            }
            Frame Bone_005 {

              FrameTransformMatrix {
                0.089300,-0.558400,-0.824700,0.000000,
                -0.979600,-0.198700,0.028500,0.000000,
                -0.179800,0.805400,-0.564800,0.000000,
                0.000000,1.178000,-0.000000,1.000000;;
              }
              Frame Bone_006 {

                FrameTransformMatrix {
                  0.914100,-0.000800,0.405500,0.000000,
                  0.008200,0.999800,-0.016500,0.000000,
                  -0.405400,0.018500,0.914000,0.000000,
                  -0.000000,0.853800,-0.000000,1.000000;;
                }
                Frame Bone_007 {

                  FrameTransformMatrix {
                    0.999400,0.001700,0.034200,0.000000,
                    -0.007900,0.983200,0.182600,0.000000,
                    -0.033300,-0.182700,0.982600,0.000000,
                    0.000000,1.243000,0.000000,1.000000;;
                  }
                  Frame Bone_008 {

                    FrameTransformMatrix {
                      1.000000,-0.000300,-0.004500,0.000000,
                      0.000200,0.999800,-0.021100,0.000000,
                      0.004500,0.021100,0.999800,0.000000,
                      0.000000,1.249600,0.000000,1.000000;;
                    }
                    Frame Bone_024 {

                      FrameTransformMatrix {
                        0.380600,0.922900,0.058800,0.000000,
                        -0.921400,0.373100,0.108900,0.000000,
                        0.078500,-0.095600,0.992300,0.000000,
                        0.000000,0.201200,0.000000,1.000000;;
                      }
                      Frame Bone_025 {

                        FrameTransformMatrix {
                          0.614000,-0.785300,0.078800,0.000000,
                          0.788400,0.605600,-0.108100,0.000000,
                          0.037200,0.128500,0.991000,0.000000,
                          -0.000000,0.188900,0.000000,1.000000;;
                        }
                        Frame Bone_026 {

                          FrameTransformMatrix {
                            0.998800,-0.048100,-0.002300,0.000000,
                            0.048000,0.997900,-0.043200,0.000000,
                            0.004300,0.043000,0.999100,0.000000,
                            -0.000000,0.118600,0.000000,1.000000;;
                          }
                          Frame Bone_027 {

                            FrameTransformMatrix {
                              0.999500,0.030800,0.002800,0.000000,
                              -0.030600,0.998700,-0.041100,0.000000,
                              -0.004000,0.041000,0.999200,0.000000,
                              -0.000000,0.088800,-0.000000,1.000000;;
                            }
                          }
                        }
                      }
                    }
                    Frame Bone_028 {

                      FrameTransformMatrix {
                        0.872200,0.487500,0.040400,0.000000,
                        -0.486700,0.856700,0.170600,0.000000,
                        0.048500,-0.168500,0.984500,0.000000,
                        0.000000,0.201200,0.000000,1.000000;;
                      }
                      Frame Bone_029 {

                        FrameTransformMatrix {
                          0.930200,-0.364000,0.046800,0.000000,
                          0.367000,0.920600,-0.133400,0.000000,
                          0.005500,0.141200,0.990000,0.000000,
                          -0.000000,0.117900,-0.000000,1.000000;;
                        }
                        Frame Bone_030 {

                          FrameTransformMatrix {
                            0.999100,0.021800,-0.036000,0.000000,
                            -0.019400,0.997600,0.066000,0.000000,
                            0.037400,-0.065300,0.997200,0.000000,
                            -0.000000,0.136100,0.000000,1.000000;;
                          }
                          Frame Bone_031 {

                            FrameTransformMatrix {
                              0.999700,-0.023200,0.011100,0.000000,
                              0.024900,0.979900,-0.197900,0.000000,
                              -0.006200,0.198100,0.980200,0.000000,
                              -0.000000,0.105900,0.000000,1.000000;;
                            }
                          }
                        }
                      }
                    }
                    Frame Bone_032 {

                      FrameTransformMatrix {
                        0.887000,-0.461500,-0.014500,0.000000,
                        0.453800,0.865700,0.211500,0.000000,
                        -0.085100,-0.194100,0.977300,0.000000,
                        0.000000,0.201200,0.000000,1.000000;;
                      }
                      Frame Bone_033 {

                        FrameTransformMatrix {
                          0.883200,0.463300,-0.072500,0.000000,
                          -0.468900,0.873300,-0.131900,0.000000,
                          0.002200,0.150500,0.988600,0.000000,
                          0.000000,0.130300,0.000000,1.000000;;
                        }
                        Frame Bone_034 {

                          FrameTransformMatrix {
                            0.999900,0.012600,-0.000100,0.000000,
                            -0.012600,0.999200,-0.038600,0.000000,
                            -0.000400,0.038600,0.999300,0.000000,
                            -0.000000,0.160400,-0.000000,1.000000;;
                          }
                          Frame Bone_035 {

                            FrameTransformMatrix {
                              1.000000,-0.004500,-0.000200,0.000000,
                              0.004400,0.997200,-0.074700,0.000000,
                              0.000500,0.074700,0.997200,0.000000,
                              0.000000,0.120400,0.000000,1.000000;;
                            }
                          }
                        }
                      }
                    }
                    Frame Bone_036 {

                      FrameTransformMatrix {
                        0.593300,-0.804000,-0.038400,0.000000,
                        0.799100,0.582600,0.148200,0.000000,
                        -0.096800,-0.118600,0.988200,0.000000,
                        0.000000,0.201200,0.000000,1.000000;;
                      }
                      Frame Bone_037 {

                        FrameTransformMatrix {
                          0.789200,0.610800,-0.063300,0.000000,
                          -0.614000,0.786500,-0.067000,0.000000,
                          0.008900,0.091700,0.995700,0.000000,
                          -0.000000,0.189600,0.000000,1.000000;;
                        }
                        Frame Bone_038 {

                          FrameTransformMatrix {
                            0.991800,0.127700,-0.001800,0.000000,
                            -0.126900,0.983800,-0.126400,0.000000,
                            -0.014300,0.125600,0.992000,0.000000,
                            -0.000000,0.156500,0.000000,1.000000;;
                          }
                          Frame Bone_039 {

                            FrameTransformMatrix {
                              0.998100,-0.060500,-0.006800,0.000000,
                              0.060700,0.997600,0.034300,0.000000,
                              0.004700,-0.034600,0.999400,0.000000,
                              0.000000,0.100100,0.000000,1.000000;;
                            }
                          }
                        }
                      }
                    }
                    Frame Bone_040 {

                      FrameTransformMatrix {
                        -0.105700,-0.992600,-0.059100,0.000000,
                        0.993900,-0.103500,-0.038900,0.000000,
                        0.032500,-0.062800,0.997500,0.000000,
                        0.000000,0.201200,0.000000,1.000000;;
                      }
                      Frame Bone_041 {

                        FrameTransformMatrix {
                          0.489700,0.871000,0.040700,0.000000,
                          -0.871500,0.490300,-0.007300,0.000000,
                          -0.026300,-0.031900,0.999100,0.000000,
                          0.000000,0.239700,0.000000,1.000000;;
                        }
                        Frame Bone_042 {

                          FrameTransformMatrix {
                            0.999400,0.033400,0.002200,0.000000,
                            -0.033400,0.999300,-0.019300,0.000000,
                            -0.002900,0.019200,0.999800,0.000000,
                            0.000000,0.155100,0.000000,1.000000;;
                          }
                        }
                      }
                    }
                  }
                }
              }
            }
            Frame Bone_020 {

              FrameTransformMatrix {
                0.089300,0.304200,-0.948400,0.000000,
                0.979600,-0.198700,0.028500,0.000000,
                -0.179800,-0.931700,-0.315700,0.000000,
                0.000000,1.178000,-0.000000,1.000000;;
              }
              Frame Bone_021 {

                FrameTransformMatrix {
                  0.914100,0.000800,0.405500,0.000000,
                  -0.008200,0.999800,0.016500,0.000000,
                  -0.405400,-0.018500,0.914000,0.000000,
                  0.000000,0.853800,0.000000,1.000000;;
                }
                Frame Bone_022 {

                  FrameTransformMatrix {
                    0.999400,-0.001700,0.034200,0.000000,
                    0.007900,0.983200,-0.182600,0.000000,
                    -0.033300,0.182700,0.982600,0.000000,
                    0.000000,1.243000,-0.000000,1.000000;;
                  }
                  Frame Bone_023 {

                    FrameTransformMatrix {
                      1.000000,0.000300,-0.004500,0.000000,
                      -0.000200,0.999800,0.021100,0.000000,
                      0.004500,-0.021100,0.999800,0.000000,
                      0.000000,1.249600,-0.000000,1.000000;;
                    }
                    Frame Bone_043 {

                      FrameTransformMatrix {
                        -0.372100,-0.927600,-0.033300,0.000000,
                        -0.918000,0.373100,-0.134400,0.000000,
                        0.137100,-0.019400,-0.990400,0.000000,
                        0.000000,0.201200,0.000000,1.000000;;
                      }
                      Frame Bone_044 {

                        FrameTransformMatrix {
                          0.556600,0.698400,-0.449900,0.000000,
                          -0.794600,0.605600,-0.042900,0.000000,
                          0.242500,0.381400,0.892100,0.000000,
                          0.000000,0.188900,0.000000,1.000000;;
                        }
                        Frame Bone_045 {

                          FrameTransformMatrix {
                            0.912800,0.005100,-0.408400,0.000000,
                            -0.031000,0.997900,-0.056700,0.000000,
                            0.407200,0.064400,0.911100,0.000000,
                            -0.000000,0.118600,0.000000,1.000000;;
                          }
                          Frame Bone_046 {

                            FrameTransformMatrix {
                              0.982300,-0.051300,-0.180300,0.000000,
                              0.050500,0.998700,-0.008600,0.000000,
                              0.180500,-0.000600,0.983600,0.000000,
                              -0.000000,0.088800,0.000000,1.000000;;
                            }
                          }
                        }
                      }
                    }
                    Frame Bone_047 {

                      FrameTransformMatrix {
                        -0.754100,-0.512300,-0.411000,0.000000,
                        -0.481800,0.856700,-0.184000,0.000000,
                        0.446400,0.059200,-0.892900,0.000000,
                        0.000000,0.201200,0.000000,1.000000;;
                      }
                      Frame Bone_048 {

                        FrameTransformMatrix {
                          0.705700,0.324300,-0.629900,0.000000,
                          -0.388500,0.920600,0.038700,0.000000,
                          0.592500,0.217400,0.775700,0.000000,
                          0.000000,0.117900,-0.000000,1.000000;;
                        }
                        Frame Bone_049 {

                          FrameTransformMatrix {
                            0.681200,-0.053300,0.730100,0.000000,
                            0.004500,0.997600,0.068700,0.000000,
                            -0.732100,-0.043500,0.679800,0.000000,
                            -0.000000,0.136100,-0.000000,1.000000;;
                          }
                          Frame Bone_050 {

                            FrameTransformMatrix {
                              -0.637500,-0.199400,-0.744200,0.000000,
                              -0.126800,0.979900,-0.153900,0.000000,
                              0.760000,-0.003700,-0.649900,0.000000,
                              0.000000,0.105900,0.000000,1.000000;;
                            }
                          }
                        }
                      }
                    }
                    Frame Bone_051 {

                      FrameTransformMatrix {
                        -0.711300,0.492700,0.501300,0.000000,
                        0.459500,0.865700,-0.198800,0.000000,
                        -0.531900,0.089000,-0.842100,0.000000,
                        0.000000,0.201200,0.000000,1.000000;;
                      }
                      Frame Bone_052 {

                        FrameTransformMatrix {
                          -0.178700,-0.068000,0.981500,0.000000,
                          0.465000,0.873300,0.145200,0.000000,
                          -0.867100,0.482400,-0.124500,0.000000,
                          0.000000,0.130300,-0.000000,1.000000;;
                        }
                        Frame Bone_053 {

                          FrameTransformMatrix {
                            -0.998700,-0.028000,0.042100,0.000000,
                            -0.029200,0.999200,-0.028300,0.000000,
                            -0.041300,-0.029500,-0.998700,0.000000,
                            -0.000000,0.160400,-0.000000,1.000000;;
                          }
                          Frame Bone_054 {

                            FrameTransformMatrix {
                              0.705600,-0.025500,-0.708200,0.000000,
                              0.067800,0.997200,0.031700,0.000000,
                              0.705400,-0.070400,0.705300,0.000000,
                              -0.000000,0.120400,0.000000,1.000000;;
                            }
                          }
                        }
                      }
                    }
                    Frame Bone_055 {

                      FrameTransformMatrix {
                        -0.574800,0.812700,0.095200,0.000000,
                        0.802900,0.582600,-0.125900,0.000000,
                        -0.157800,0.004100,-0.987500,0.000000,
                        0.000000,0.201200,0.000000,1.000000;;
                      }
                      Frame Bone_056 {

                        FrameTransformMatrix {
                          0.782900,-0.617000,0.080300,0.000000,
                          0.617100,0.786500,0.026400,0.000000,
                          -0.079500,0.028900,0.996400,0.000000,
                          0.000000,0.189600,-0.000000,1.000000;;
                        }
                        Frame Bone_057 {

                          FrameTransformMatrix {
                            0.183400,0.086400,0.979200,0.000000,
                            0.139100,0.983800,-0.112800,0.000000,
                            -0.973100,0.156900,0.168400,0.000000,
                            0.000000,0.156500,-0.000000,1.000000;;
                          }
                          Frame Bone_058 {

                            FrameTransformMatrix {
                              0.834600,0.023500,-0.550300,0.000000,
                              0.016600,0.997600,0.067700,0.000000,
                              0.550600,-0.065600,0.832200,0.000000,
                              -0.000000,0.100100,0.000000,1.000000;;
                            }
                          }
                        }
                      }
                    }
                    Frame Bone_059 {

                      FrameTransformMatrix {
                        0.106700,0.993200,-0.046100,0.000000,
                        0.992400,-0.103500,0.066500,0.000000,
                        0.061300,-0.052900,-0.996700,0.000000,
                        0.000000,0.201200,0.000000,1.000000;;
                      }
                      Frame Bone_060 {

                        FrameTransformMatrix {
                          0.489700,-0.870500,0.048900,0.000000,
                          0.871500,0.490300,0.001400,0.000000,
                          -0.025200,0.042000,0.998800,0.000000,
                          0.000000,0.239700,-0.000000,1.000000;;
                        }
                        Frame Bone_061 {

                          FrameTransformMatrix {
                            0.997500,-0.030200,0.064300,0.000000,
                            0.031600,0.999300,-0.022000,0.000000,
                            -0.063600,0.024000,0.997700,0.000000,
                            0.000000,0.155100,-0.000000,1.000000;;
                          }
                        }
                      }
                    }
                  }
                }
              }
            }
          }
        }
      }
      Frame Bone_011 {

        FrameTransformMatrix {
          0.194000,0.329000,0.924200,0.000000,
          0.980400,-0.098600,-0.170700,0.000000,
          0.035000,0.939200,-0.341700,0.000000,
          0.000000,0.752300,-0.000000,1.000000;;
        }
        Frame Bone_012 {

          FrameTransformMatrix {
            -0.113700,-0.989100,-0.093200,0.000000,
            -0.270000,0.121100,-0.955200,0.000000,
            0.956100,-0.083400,-0.280800,0.000000,
            -0.000000,0.527500,-0.000000,1.000000;;
          }
          Frame Bone_013 {

            FrameTransformMatrix {
              0.994800,0.021300,-0.099900,0.000000,
              -0.032100,0.993600,-0.108000,0.000000,
              0.097000,0.110600,0.989100,0.000000,
              -0.000000,2.241400,-0.000000,1.000000;;
            }
            Frame Bone_014 {

              FrameTransformMatrix {
                0.997800,0.020200,0.063800,0.000000,
                -0.058000,0.735800,0.674700,0.000000,
                -0.033300,-0.676900,0.735300,0.000000,
                0.000000,2.091800,0.000000,1.000000;;
              }
              Frame Bone_015 {

                FrameTransformMatrix {
                  0.995700,0.014300,0.091400,0.000000,
                  -0.061500,0.840300,0.538600,0.000000,
                  -0.069100,-0.542000,0.837600,0.000000,
                  0.000000,0.751900,-0.000000,1.000000;;
                }
              }
            }
          }
        }
      }
      Frame Bone_009 {

        FrameTransformMatrix {
          0.194000,-0.636300,-0.746600,0.000000,
          -0.980400,-0.098600,-0.170700,0.000000,
          0.035000,0.765100,-0.643000,0.000000,
          0.000000,0.752300,-0.000000,1.000000;;
        }
        Frame Bone_016 {

          FrameTransformMatrix {
            -0.285800,0.956100,-0.064900,0.000000,
            0.586700,0.121100,-0.800700,0.000000,
            -0.757700,-0.266900,-0.595500,0.000000,
            0.000000,0.527500,-0.000000,1.000000;;
          }
          Frame Bone_017 {

            FrameTransformMatrix {
              0.995900,-0.021300,-0.087900,0.000000,
              0.011300,0.993600,-0.112100,0.000000,
              0.089700,0.110600,0.989800,0.000000,
              -0.000000,2.241400,0.000000,1.000000;;
            }
            Frame Bone_018 {

              FrameTransformMatrix {
                0.997500,-0.015300,-0.069100,0.000000,
                0.058000,0.735800,0.674700,0.000000,
                0.040500,-0.677000,0.734900,0.000000,
                0.000000,2.091800,-0.000000,1.000000;;
              }
              Frame Bone_019 {

                FrameTransformMatrix {
                  0.997600,-0.028200,-0.062900,0.000000,
                  0.057700,0.840300,0.539100,0.000000,
                  0.037600,-0.541400,0.839900,0.000000,
                  -0.000000,0.751900,0.000000,1.000000;;
                }
              }
            }
          }
        }
      }
  }  // End of the Bone Bone 
      Frame Ana {

        FrameTransformMatrix {
          1.000000,0.000000,0.000000,0.000000,
          0.000000,1.000000,0.000000,0.000000,
          0.000000,0.000000,1.000000,0.000000,
          -0.003300,0.078700,-4.973300,1.000000;;
        }
Mesh {
9050;
3.312300; 0.029500; 1.965100;,
3.431100; -0.080400; 1.941800;,
3.479600; -0.066400; 1.946700;,
3.476700; -0.045900; 1.956300;,
3.476700; -0.045900; 1.956300;,
3.479600; -0.066400; 1.946700;,
3.563400; -0.043400; 1.914600;,
3.593900; -0.017800; 1.940100;,
3.455300; 0.073900; 1.769400;,
3.472300; 0.000700; 1.779400;,
3.419700; -0.066400; 1.801400;,
3.308100; 0.033200; 1.788500;,
3.576200; -0.007400; 1.819500;,
3.559900; -0.028100; 1.821900;,
3.472300; 0.000700; 1.779400;,
3.455300; 0.073900; 1.769400;,
3.436700; 0.347000; 1.954200;,
3.520400; 0.361200; 1.937100;,
3.512300; 0.379300; 1.885300;,
3.433400; 0.379800; 1.875700;,
3.433400; 0.379800; 1.875700;,
3.512300; 0.379300; 1.885300;,
3.520100; 0.368700; 1.838100;,
3.443000; 0.359900; 1.810900;,
3.282100; 0.312100; 1.986800;,
3.436700; 0.347000; 1.954200;,
3.433400; 0.379800; 1.875700;,
3.280200; 0.352400; 1.887500;,
3.280200; 0.352400; 1.887500;,
3.433400; 0.379800; 1.875700;,
3.443000; 0.359900; 1.810900;,
3.280400; 0.308600; 1.805700;,
3.308100; 0.033200; 1.788500;,
3.419700; -0.066400; 1.801400;,
3.392200; -0.083900; 1.864900;,
3.294300; -0.001500; 1.861700;,
3.294300; -0.001500; 1.861700;,
3.392200; -0.083900; 1.864900;,
3.431100; -0.080400; 1.941800;,
3.312300; 0.029500; 1.965100;,
3.593900; -0.017800; 1.940100;,
3.563400; -0.043400; 1.914600;,
3.584300; -0.053400; 1.858200;,
3.598900; -0.045900; 1.861200;,
3.559900; -0.028100; 1.821900;,
3.576200; -0.007400; 1.819500;,
3.598900; -0.045900; 1.861200;,
3.584300; -0.053400; 1.858200;,
3.584300; -0.053400; 1.858200;,
3.579600; -0.065800; 1.850400;,
3.554000; -0.053000; 1.814000;,
3.559900; -0.028100; 1.821900;,
3.563400; -0.043400; 1.914600;,
3.556700; -0.059800; 1.904100;,
3.579600; -0.065800; 1.850400;,
3.584300; -0.053400; 1.858200;,
3.419700; -0.066400; 1.801400;,
3.470300; -0.102900; 1.802700;,
3.467300; -0.121800; 1.866800;,
3.392200; -0.083900; 1.864900;,
3.392200; -0.083900; 1.864900;,
3.467300; -0.121800; 1.866800;,
3.479900; -0.122700; 1.925100;,
3.431100; -0.080400; 1.941800;,
3.559900; -0.028100; 1.821900;,
3.554000; -0.053000; 1.814000;,
3.497700; -0.066100; 1.788200;,
3.472300; 0.000700; 1.779400;,
3.472300; 0.000700; 1.779400;,
3.497700; -0.066100; 1.788200;,
3.470300; -0.102900; 1.802700;,
3.419700; -0.066400; 1.801400;,
3.479600; -0.066400; 1.946700;,
3.500500; -0.085500; 1.933900;,
3.556700; -0.059800; 1.904100;,
3.563400; -0.043400; 1.914600;,
3.431100; -0.080400; 1.941800;,
3.479900; -0.122700; 1.925100;,
3.500500; -0.085500; 1.933900;,
3.479600; -0.066400; 1.946700;,
3.479900; -0.122700; 1.925100;,
3.521400; -0.145100; 1.904300;,
3.531200; -0.103100; 1.916300;,
3.500500; -0.085500; 1.933900;,
3.500500; -0.085500; 1.933900;,
3.531200; -0.103100; 1.916300;,
3.559400; -0.084500; 1.898900;,
3.556700; -0.059800; 1.904100;,
3.497700; -0.066100; 1.788200;,
3.535900; -0.100200; 1.803700;,
3.518600; -0.139100; 1.815400;,
3.470300; -0.102900; 1.802700;,
3.554000; -0.053000; 1.814000;,
3.557800; -0.085200; 1.815800;,
3.535900; -0.100200; 1.803700;,
3.497700; -0.066100; 1.788200;,
3.467300; -0.121800; 1.866800;,
3.514100; -0.149100; 1.864700;,
3.521400; -0.145100; 1.904300;,
3.479900; -0.122700; 1.925100;,
3.470300; -0.102900; 1.802700;,
3.518600; -0.139100; 1.815400;,
3.514100; -0.149100; 1.864700;,
3.467300; -0.121800; 1.866800;,
3.556700; -0.059800; 1.904100;,
3.559400; -0.084500; 1.898900;,
3.583400; -0.084200; 1.852900;,
3.579600; -0.065800; 1.850400;,
3.579600; -0.065800; 1.850400;,
3.583400; -0.084200; 1.852900;,
3.557800; -0.085200; 1.815800;,
3.554000; -0.053000; 1.814000;,
3.590300; -0.123400; 1.811800;,
3.557800; -0.085200; 1.815800;,
3.583400; -0.084200; 1.852900;,
3.608300; -0.114300; 1.841700;,
3.608300; -0.114300; 1.841700;,
3.583400; -0.084200; 1.852900;,
3.559400; -0.084500; 1.898900;,
3.599000; -0.118000; 1.865500;,
3.572300; -0.185800; 1.850000;,
3.514100; -0.149100; 1.864700;,
3.518600; -0.139100; 1.815400;,
3.567600; -0.163700; 1.819400;,
3.572100; -0.167600; 1.878400;,
3.521400; -0.145100; 1.904300;,
3.514100; -0.149100; 1.864700;,
3.572300; -0.185800; 1.850000;,
3.576000; -0.140500; 1.805000;,
3.535900; -0.100200; 1.803700;,
3.557800; -0.085200; 1.815800;,
3.590300; -0.123400; 1.811800;,
3.567600; -0.163700; 1.819400;,
3.518600; -0.139100; 1.815400;,
3.535900; -0.100200; 1.803700;,
3.576000; -0.140500; 1.805000;,
3.599000; -0.118000; 1.865500;,
3.559400; -0.084500; 1.898900;,
3.531200; -0.103100; 1.916300;,
3.580100; -0.131300; 1.889100;,
3.580100; -0.131300; 1.889100;,
3.531200; -0.103100; 1.916300;,
3.521400; -0.145100; 1.904300;,
3.572100; -0.167600; 1.878400;,
3.727100; -0.239900; 1.861800;,
3.732900; -0.210600; 1.858200;,
3.724300; -0.209200; 1.875600;,
3.719300; -0.230900; 1.889600;,
3.725400; -0.242200; 1.831500;,
3.726300; -0.216100; 1.834600;,
3.732900; -0.210600; 1.858200;,
3.727100; -0.239900; 1.861800;,
3.700800; -0.261500; 1.865100;,
3.727100; -0.239900; 1.861800;,
3.719300; -0.230900; 1.889600;,
3.695400; -0.248500; 1.885000;,
3.703300; -0.258200; 1.845200;,
3.725400; -0.242200; 1.831500;,
3.727100; -0.239900; 1.861800;,
3.700800; -0.261500; 1.865100;,
3.634600; -0.137700; 1.844600;,
3.631500; -0.146900; 1.811900;,
3.610800; -0.140200; 1.812000;,
3.621900; -0.127400; 1.844900;,
3.621900; -0.127400; 1.844900;,
3.610800; -0.140200; 1.812000;,
3.590300; -0.123400; 1.811800;,
3.608300; -0.114300; 1.841700;,
3.635100; -0.148700; 1.865600;,
3.634600; -0.137700; 1.844600;,
3.621900; -0.127400; 1.844900;,
3.620500; -0.127500; 1.870800;,
3.620500; -0.127500; 1.870800;,
3.621900; -0.127400; 1.844900;,
3.608300; -0.114300; 1.841700;,
3.599000; -0.118000; 1.865500;,
3.572300; -0.185800; 1.850000;,
3.567600; -0.163700; 1.819400;,
3.587800; -0.181100; 1.827500;,
3.584300; -0.191900; 1.851900;,
3.584300; -0.191900; 1.851900;,
3.587800; -0.181100; 1.827500;,
3.599100; -0.196900; 1.826800;,
3.595300; -0.202000; 1.853200;,
3.572100; -0.167600; 1.878400;,
3.572300; -0.185800; 1.850000;,
3.584300; -0.191900; 1.851900;,
3.587200; -0.184000; 1.883700;,
3.587200; -0.184000; 1.883700;,
3.584300; -0.191900; 1.851900;,
3.595300; -0.202000; 1.853200;,
3.607400; -0.194800; 1.876700;,
3.576000; -0.140500; 1.805000;,
3.590300; -0.123400; 1.811800;,
3.610800; -0.140200; 1.812000;,
3.600200; -0.159800; 1.810400;,
3.600200; -0.159800; 1.810400;,
3.610800; -0.140200; 1.812000;,
3.631500; -0.146900; 1.811900;,
3.622500; -0.177900; 1.810800;,
3.622500; -0.177900; 1.810800;,
3.599100; -0.196900; 1.826800;,
3.587800; -0.181100; 1.827500;,
3.600200; -0.159800; 1.810400;,
3.600200; -0.159800; 1.810400;,
3.587800; -0.181100; 1.827500;,
3.567600; -0.163700; 1.819400;,
3.576000; -0.140500; 1.805000;,
3.625700; -0.175100; 1.883200;,
3.635100; -0.148700; 1.865600;,
3.620500; -0.127500; 1.870800;,
3.605700; -0.149800; 1.890400;,
3.605700; -0.149800; 1.890400;,
3.620500; -0.127500; 1.870800;,
3.599000; -0.118000; 1.865500;,
3.580100; -0.131300; 1.889100;,
3.580100; -0.131300; 1.889100;,
3.572100; -0.167600; 1.878400;,
3.587200; -0.184000; 1.883700;,
3.605700; -0.149800; 1.890400;,
3.605700; -0.149800; 1.890400;,
3.587200; -0.184000; 1.883700;,
3.607400; -0.194800; 1.876700;,
3.625700; -0.175100; 1.883200;,
3.625700; -0.175100; 1.883200;,
3.607400; -0.194800; 1.876700;,
3.652100; -0.232000; 1.874600;,
3.661300; -0.198800; 1.880600;,
3.661300; -0.198800; 1.880600;,
3.652100; -0.232000; 1.874600;,
3.695400; -0.248500; 1.885000;,
3.719300; -0.230900; 1.889600;,
3.635100; -0.148700; 1.865600;,
3.625700; -0.175100; 1.883200;,
3.661300; -0.198800; 1.880600;,
3.688400; -0.178800; 1.862400;,
3.688400; -0.178800; 1.862400;,
3.661300; -0.198800; 1.880600;,
3.719300; -0.230900; 1.889600;,
3.724300; -0.209200; 1.875600;,
3.599100; -0.196900; 1.826800;,
3.622500; -0.177900; 1.810800;,
3.679900; -0.218300; 1.810600;,
3.661100; -0.243100; 1.827400;,
3.661100; -0.243100; 1.827400;,
3.679900; -0.218300; 1.810600;,
3.725400; -0.242200; 1.831500;,
3.703300; -0.258200; 1.845200;,
3.622500; -0.177900; 1.810800;,
3.631500; -0.146900; 1.811900;,
3.692800; -0.193200; 1.815700;,
3.679900; -0.218300; 1.810600;,
3.679900; -0.218300; 1.810600;,
3.692800; -0.193200; 1.815700;,
3.726300; -0.216100; 1.834600;,
3.725400; -0.242200; 1.831500;,
3.607400; -0.194800; 1.876700;,
3.595300; -0.202000; 1.853200;,
3.651300; -0.243100; 1.850300;,
3.652100; -0.232000; 1.874600;,
3.652100; -0.232000; 1.874600;,
3.651300; -0.243100; 1.850300;,
3.700800; -0.261500; 1.865100;,
3.695400; -0.248500; 1.885000;,
3.595300; -0.202000; 1.853200;,
3.599100; -0.196900; 1.826800;,
3.661100; -0.243100; 1.827400;,
3.651300; -0.243100; 1.850300;,
3.651300; -0.243100; 1.850300;,
3.661100; -0.243100; 1.827400;,
3.703300; -0.258200; 1.845200;,
3.700800; -0.261500; 1.865100;,
3.634600; -0.137700; 1.844600;,
3.635100; -0.148700; 1.865600;,
3.688400; -0.178800; 1.862400;,
3.696400; -0.178200; 1.841100;,
3.696400; -0.178200; 1.841100;,
3.688400; -0.178800; 1.862400;,
3.724300; -0.209200; 1.875600;,
3.732900; -0.210600; 1.858200;,
3.631500; -0.146900; 1.811900;,
3.634600; -0.137700; 1.844600;,
3.696400; -0.178200; 1.841100;,
3.692800; -0.193200; 1.815700;,
3.692800; -0.193200; 1.815700;,
3.696400; -0.178200; 1.841100;,
3.732900; -0.210600; 1.858200;,
3.726300; -0.216100; 1.834600;,
3.313900; 0.168400; 1.788100;,
3.436300; 0.150000; 1.773900;,
3.455300; 0.073900; 1.769400;,
3.308100; 0.033200; 1.788500;,
3.308600; 0.243100; 1.796800;,
3.432100; 0.246100; 1.788400;,
3.429400; 0.198500; 1.796200;,
3.314100; 0.203200; 1.805000;,
3.450900; 0.052000; 1.982200;,
3.594700; 0.042100; 1.950900;,
3.581100; 0.085600; 1.960800;,
3.538200; 0.312500; 1.852300;,
3.539100; 0.259600; 1.858100;,
3.432100; 0.246100; 1.788400;,
3.429400; 0.198500; 1.796200;,
3.564300; 0.151500; 1.850600;,
3.564800; 0.121900; 1.848200;,
3.430300; 0.176500; 1.799800;,
3.430300; 0.176500; 1.799800;,
3.564800; 0.121900; 1.848200;,
3.564700; 0.097000; 1.846300;,
3.436300; 0.150000; 1.773900;,
3.314100; 0.203200; 1.805000;,
3.429400; 0.198500; 1.796200;,
3.430300; 0.176500; 1.799800;,
3.317500; 0.196400; 1.808500;,
3.317500; 0.196400; 1.808500;,
3.430300; 0.176500; 1.799800;,
3.436300; 0.150000; 1.773900;,
3.313900; 0.168400; 1.788100;,
3.580600; 0.135700; 1.964800;,
3.438300; 0.140500; 1.997100;,
3.571800; 0.111300; 1.969900;,
3.730600; 0.124400; 1.836700;,
3.632700; 0.123100; 1.841900;,
3.640300; 0.155100; 1.865100;,
3.746100; 0.152300; 1.859600;,
3.742800; 0.083900; 1.852700;,
3.645400; 0.078300; 1.857600;,
3.632700; 0.123100; 1.841900;,
3.730600; 0.124400; 1.836700;,
3.743300; 0.111900; 1.939900;,
3.657600; 0.110200; 1.953600;,
3.653700; 0.073000; 1.932700;,
3.754200; 0.081600; 1.917900;,
3.757300; 0.145600; 1.919400;,
3.649500; 0.142700; 1.935900;,
3.657600; 0.110200; 1.953600;,
3.743300; 0.111900; 1.939900;,
3.758100; 0.155000; 1.884300;,
3.653100; 0.160500; 1.896300;,
3.649500; 0.142700; 1.935900;,
3.757300; 0.145600; 1.919400;,
3.754200; 0.081600; 1.917900;,
3.653700; 0.073000; 1.932700;,
3.666900; 0.064400; 1.884600;,
3.754000; 0.073100; 1.879900;,
3.746100; 0.152300; 1.859600;,
3.640300; 0.155100; 1.865100;,
3.653100; 0.160500; 1.896300;,
3.758100; 0.155000; 1.884300;,
3.754000; 0.073100; 1.879900;,
3.666900; 0.064400; 1.884600;,
3.645400; 0.078300; 1.857600;,
3.742800; 0.083900; 1.852700;,
3.793500; 0.086400; 1.850800;,
3.872800; 0.089700; 1.844300;,
3.882400; 0.077700; 1.871400;,
3.789300; 0.073500; 1.876700;,
3.781700; 0.157000; 1.884300;,
3.879500; 0.154500; 1.877200;,
3.868600; 0.152700; 1.849500;,
3.787900; 0.152100; 1.854600;,
3.789300; 0.073500; 1.876700;,
3.882400; 0.077700; 1.871400;,
3.883600; 0.088100; 1.905800;,
3.794700; 0.082200; 1.913700;,
3.789900; 0.145500; 1.916300;,
3.882000; 0.145700; 1.909800;,
3.879500; 0.154500; 1.877200;,
3.781700; 0.157000; 1.884300;,
3.811900; 0.109600; 1.932200;,
3.872600; 0.114000; 1.928700;,
3.882000; 0.145700; 1.909800;,
3.789900; 0.145500; 1.916300;,
3.794700; 0.082200; 1.913700;,
3.883600; 0.088100; 1.905800;,
3.872600; 0.114000; 1.928700;,
3.811900; 0.109600; 1.932200;,
3.791500; 0.123800; 1.832600;,
3.856300; 0.126200; 1.829800;,
3.872800; 0.089700; 1.844300;,
3.793500; 0.086400; 1.850800;,
3.787900; 0.152100; 1.854600;,
3.868600; 0.152700; 1.849500;,
3.856300; 0.126200; 1.829800;,
3.791500; 0.123800; 1.832600;,
4.027600; 0.118500; 1.914900;,
4.039100; 0.118800; 1.878400;,
4.027700; 0.147500; 1.880800;,
4.019700; 0.138700; 1.901600;,
4.021400; 0.094300; 1.901400;,
4.031300; 0.087800; 1.877800;,
4.039100; 0.118800; 1.878400;,
4.027600; 0.118500; 1.914900;,
4.039100; 0.118800; 1.878400;,
4.034300; 0.123700; 1.843700;,
4.024000; 0.143300; 1.857600;,
4.027700; 0.147500; 1.880800;,
4.031300; 0.087800; 1.877800;,
4.024900; 0.096800; 1.853500;,
4.034300; 0.123700; 1.843700;,
4.039100; 0.118800; 1.878400;,
3.912200; 0.151000; 1.848700;,
3.961400; 0.153100; 1.842700;,
3.961500; 0.124600; 1.827600;,
3.915700; 0.126100; 1.826400;,
3.961500; 0.124600; 1.827600;,
3.961400; 0.153100; 1.842700;,
4.024000; 0.143300; 1.857600;,
4.034300; 0.123700; 1.843700;,
3.915700; 0.126100; 1.826400;,
3.961500; 0.124600; 1.827600;,
3.962400; 0.088100; 1.839300;,
3.908400; 0.091300; 1.841700;,
3.962400; 0.088100; 1.839300;,
3.961500; 0.124600; 1.827600;,
4.034300; 0.123700; 1.843700;,
4.024900; 0.096800; 1.853500;,
3.918900; 0.086100; 1.904400;,
3.964400; 0.084500; 1.895300;,
3.952300; 0.114800; 1.912900;,
3.932100; 0.114000; 1.917000;,
3.952300; 0.114800; 1.912900;,
3.964400; 0.084500; 1.895300;,
4.021400; 0.094300; 1.901400;,
4.027600; 0.118500; 1.914900;,
3.932100; 0.114000; 1.917000;,
3.952300; 0.114800; 1.912900;,
3.961300; 0.150600; 1.895900;,
3.917800; 0.144100; 1.903300;,
3.961300; 0.150600; 1.895900;,
3.952300; 0.114800; 1.912900;,
4.027600; 0.118500; 1.914900;,
4.019700; 0.138700; 1.901600;,
3.917800; 0.144100; 1.903300;,
3.961300; 0.150600; 1.895900;,
3.963500; 0.159500; 1.868600;,
3.909500; 0.154100; 1.874700;,
3.963500; 0.159500; 1.868600;,
3.961300; 0.150600; 1.895900;,
4.019700; 0.138700; 1.901600;,
4.027700; 0.147500; 1.880800;,
3.911800; 0.079200; 1.870900;,
3.966300; 0.076600; 1.865200;,
3.964400; 0.084500; 1.895300;,
3.918900; 0.086100; 1.904400;,
3.964400; 0.084500; 1.895300;,
3.966300; 0.076600; 1.865200;,
4.031300; 0.087800; 1.877800;,
4.021400; 0.094300; 1.901400;,
3.909500; 0.154100; 1.874700;,
3.963500; 0.159500; 1.868600;,
3.961400; 0.153100; 1.842700;,
3.912200; 0.151000; 1.848700;,
3.961400; 0.153100; 1.842700;,
3.963500; 0.159500; 1.868600;,
4.027700; 0.147500; 1.880800;,
4.024000; 0.143300; 1.857600;,
3.908400; 0.091300; 1.841700;,
3.962400; 0.088100; 1.839300;,
3.966300; 0.076600; 1.865200;,
3.911800; 0.079200; 1.870900;,
3.966300; 0.076600; 1.865200;,
3.962400; 0.088100; 1.839300;,
4.024900; 0.096800; 1.853500;,
4.031300; 0.087800; 1.877800;,
3.882400; 0.077700; 1.871400;,
3.872800; 0.089700; 1.844300;,
3.891500; 0.089100; 1.848500;,
3.897900; 0.080000; 1.874500;,
3.897900; 0.080000; 1.874500;,
3.891500; 0.089100; 1.848500;,
3.908400; 0.091300; 1.841700;,
3.911800; 0.079200; 1.870900;,
3.909500; 0.154100; 1.874700;,
3.912200; 0.151000; 1.848700;,
3.892400; 0.152100; 1.853200;,
3.894900; 0.153500; 1.875900;,
3.894900; 0.153500; 1.875900;,
3.892400; 0.152100; 1.853200;,
3.868600; 0.152700; 1.849500;,
3.879500; 0.154500; 1.877200;,
3.883600; 0.088100; 1.905800;,
3.882400; 0.077700; 1.871400;,
3.897900; 0.080000; 1.874500;,
3.901600; 0.084500; 1.909200;,
3.901600; 0.084500; 1.909200;,
3.897900; 0.080000; 1.874500;,
3.911800; 0.079200; 1.870900;,
3.918900; 0.086100; 1.904400;,
3.917800; 0.144100; 1.903300;,
3.909500; 0.154100; 1.874700;,
3.894900; 0.153500; 1.875900;,
3.899600; 0.148700; 1.912100;,
3.899600; 0.148700; 1.912100;,
3.894900; 0.153500; 1.875900;,
3.879500; 0.154500; 1.877200;,
3.882000; 0.145700; 1.909800;,
3.932100; 0.114000; 1.917000;,
3.917800; 0.144100; 1.903300;,
3.899600; 0.148700; 1.912100;,
3.902100; 0.115400; 1.929200;,
3.902100; 0.115400; 1.929200;,
3.899600; 0.148700; 1.912100;,
3.882000; 0.145700; 1.909800;,
3.872600; 0.114000; 1.928700;,
3.872600; 0.114000; 1.928700;,
3.883600; 0.088100; 1.905800;,
3.901600; 0.084500; 1.909200;,
3.902100; 0.115400; 1.929200;,
3.902100; 0.115400; 1.929200;,
3.901600; 0.084500; 1.909200;,
3.918900; 0.086100; 1.904400;,
3.932100; 0.114000; 1.917000;,
3.915700; 0.126100; 1.826400;,
3.908400; 0.091300; 1.841700;,
3.891500; 0.089100; 1.848500;,
3.888700; 0.125700; 1.834300;,
